0 0.692377 0.118905 0.351482 0.019675
0 0.390200 0.120402 0.188748 0.024380
0 0.760738 0.234388 0.212341 0.020530
0 0.493043 0.235030 0.258923 0.023524
0 0.713854 0.348375 0.302480 0.011548
0 0.457955 0.348589 0.145191 0.022241
0 0.308832 0.350513 0.090139 0.026946
0 0.670901 0.466852 0.385965 0.028657
0 0.288264 0.461933 0.315185 0.021386
0 0.777374 0.576775 0.169389 0.017536
0 0.545977 0.575278 0.230490 0.012831
0 0.677556 0.693755 0.365396 0.024808
0 0.327586 0.687981 0.270417 0.014970
0 0.715366 0.807956 0.287356 0.023952
0 0.446158 0.804962 0.186933 0.019675
1 0.767393 0.157399 0.201452 0.018820
1 0.425892 0.160393 0.116152 0.023952
1 0.789474 0.271172 0.153660 0.019675
1 0.535995 0.275021 0.173019 0.023952
1 0.758318 0.377459 0.212341 0.014970
1 0.484271 0.387083 0.091349 0.022241
1 0.331518 0.394996 0.043557 0.026946
1 0.774047 0.513473 0.178463 0.026946
1 0.347852 0.500214 0.194797 0.020958
1 0.794918 0.610992 0.133091 0.017536
1 0.593769 0.605860 0.133696 0.020103
1 0.739262 0.736741 0.240774 0.024380
1 0.375681 0.715783 0.174229 0.010693
1 0.738355 0.847733 0.240169 0.023097
1 0.500605 0.840676 0.076830 0.017536
2 0.692377 0.137938 0.081670 0.248503
2 0.390200 0.140291 0.090744 0.133447
2 0.760738 0.252566 0.080460 0.150128
2 0.493043 0.255133 0.090139 0.183062
2 0.713854 0.363772 0.059891 0.213858
2 0.457955 0.367836 0.085904 0.102652
2 0.308832 0.372754 0.101028 0.063730
2 0.670901 0.489735 0.105263 0.272883
2 0.288264 0.480967 0.084090 0.222840
2 0.777374 0.593884 0.073200 0.119760
2 0.545977 0.592387 0.066546 0.162960
2 0.677556 0.715141 0.095584 0.258340
2 0.327586 0.700813 0.057471 0.191189
2 0.715366 0.827630 0.089534 0.203165
2 0.446158 0.822284 0.076830 0.132164
