0 0.702662 0.126818 0.326074 0.031223
0 0.403206 0.122754 0.209921 0.023952
0 0.718391 0.236527 0.292196 0.021386
0 0.450696 0.233319 0.179068 0.015825
0 0.739867 0.349658 0.246824 0.018392
0 0.462190 0.347947 0.245614 0.013259
0 0.663642 0.467707 0.398064 0.026091
0 0.311857 0.467921 0.242589 0.028229
0 0.810345 0.582121 0.102238 0.024808
0 0.608288 0.577844 0.238959 0.017109
0 0.599214 0.695466 0.522081 0.024808
0 0.214156 0.696322 0.183908 0.027374
0 0.800968 0.807742 0.116152 0.010693
0 0.592559 0.813302 0.236540 0.031223
0 0.272232 0.809025 0.339988 0.024380
1 0.768603 0.176005 0.192982 0.030368
1 0.432849 0.165740 0.150635 0.023524
1 0.774047 0.271172 0.180883 0.021386
1 0.477919 0.268392 0.124622 0.015825
1 0.801270 0.389008 0.124017 0.017536
1 0.509982 0.381523 0.148820 0.012831
1 0.729885 0.506843 0.264368 0.026518
1 0.385662 0.511976 0.093769 0.027374
1 0.823351 0.621685 0.075015 0.025235
1 0.657895 0.613559 0.138536 0.016681
1 0.694495 0.739093 0.330309 0.024808
1 0.249244 0.738024 0.112523 0.026946
1 0.822747 0.835971 0.071385 0.010693
1 0.623412 0.863559 0.174834 0.031651
1 0.341500 0.849872 0.201452 0.023952
2 0.702662 0.151198 0.113128 0.230539
2 0.403206 0.144140 0.094374 0.148417
2 0.718391 0.253849 0.079250 0.206587
2 0.450696 0.250855 0.071990 0.126604
2 0.739867 0.369119 0.081065 0.174508
2 0.462190 0.364628 0.065941 0.173653
2 0.663642 0.487382 0.092559 0.281437
2 0.311857 0.489735 0.101633 0.171514
2 0.810345 0.602010 0.091349 0.072284
2 0.608288 0.595595 0.074410 0.168948
2 0.599214 0.717280 0.096794 0.369119
2 0.214156 0.717066 0.097399 0.130026
2 0.800968 0.821856 0.055051 0.082121
2 0.592559 0.838537 0.115547 0.167237
2 0.272232 0.829341 0.091954 0.240376
