0 0.696612 0.119333 0.333333 0.021386
0 0.361766 0.118263 0.273442 0.009837
0 0.663339 0.236955 0.398669 0.027374
0 0.362371 0.236313 0.140351 0.026091
0 0.715064 0.346664 0.294011 0.018392
0 0.415003 0.345381 0.241984 0.013259
0 0.752874 0.461719 0.217181 0.019247
0 0.519661 0.465997 0.185118 0.027802
0 0.339080 0.460436 0.113128 0.015825
0 0.774955 0.580838 0.171809 0.027374
0 0.506050 0.578700 0.303085 0.023952
0 0.732305 0.688195 0.254688 0.014542
0 0.473382 0.689050 0.199032 0.011976
0 0.280702 0.689264 0.123412 0.011548
0 0.764670 0.807100 0.188748 0.023952
0 0.559589 0.802609 0.157290 0.014970
0 0.316999 0.803464 0.263763 0.015825
1 0.758923 0.161677 0.207502 0.021386
1 0.412281 0.147776 0.172414 0.013259
1 0.741379 0.278871 0.241379 0.028229
1 0.395644 0.278443 0.073805 0.025663
1 0.798851 0.379384 0.125227 0.017109
1 0.455233 0.379384 0.161525 0.014542
1 0.804900 0.499786 0.111918 0.017536
1 0.546582 0.507913 0.131276 0.026946
1 0.352995 0.496364 0.084090 0.015825
1 0.814580 0.622113 0.091349 0.027802
1 0.558984 0.619760 0.197217 0.023952
1 0.791894 0.720060 0.135511 0.014115
1 0.518149 0.720060 0.109498 0.013259
1 0.294616 0.721985 0.094374 0.011976
1 0.781912 0.847092 0.154265 0.023524
1 0.576225 0.833405 0.124017 0.014970
1 0.375076 0.834474 0.147610 0.017109
2 0.696612 0.140505 0.090139 0.235672
2 0.361766 0.133875 0.058076 0.193328
2 0.663339 0.258127 0.098609 0.281865
2 0.362371 0.257271 0.096189 0.099230
2 0.715064 0.362703 0.071385 0.207870
2 0.415003 0.362703 0.067756 0.171086
2 0.752874 0.480325 0.079855 0.153550
2 0.519661 0.486741 0.098004 0.130881
2 0.339080 0.478400 0.073200 0.079983
2 0.774955 0.601583 0.097399 0.121471
2 0.506050 0.599230 0.091954 0.214286
2 0.732305 0.704021 0.065336 0.180068
2 0.473382 0.704876 0.061706 0.140719
2 0.280702 0.705731 0.062916 0.087254
2 0.764670 0.826989 0.090139 0.133447
2 0.559589 0.818007 0.064731 0.111206
2 0.316999 0.819290 0.067151 0.186484
