0 0.673019 0.124038 0.384150 0.017964
0 0.340290 0.126604 0.217181 0.027374
0 0.758621 0.239521 0.209316 0.013687
0 0.508469 0.239093 0.231700 0.020530
0 0.252874 0.236741 0.215366 0.020103
0 0.734120 0.359923 0.254688 0.031223
0 0.473079 0.358854 0.203267 0.031651
0 0.274652 0.350513 0.130672 0.017536
0 0.732910 0.469418 0.252269 0.012404
0 0.472777 0.467707 0.205082 0.020103
0 0.712039 0.583405 0.289171 0.021386
0 0.452511 0.582121 0.164549 0.020530
0 0.222626 0.583618 0.232305 0.026946
0 0.704477 0.698674 0.300665 0.022669
0 0.353902 0.696322 0.336358 0.023097
0 0.723230 0.812447 0.258318 0.015825
0 0.452208 0.810522 0.220811 0.020530
1 0.751361 0.156544 0.227465 0.017109
1 0.391712 0.167665 0.113128 0.026518
1 0.787356 0.272883 0.150635 0.013687
1 0.582275 0.276091 0.078040 0.020958
1 0.281609 0.276305 0.156685 0.019675
1 0.796128 0.409966 0.128252 0.030368
1 0.510889 0.409966 0.126437 0.031223
1 0.298851 0.387511 0.081065 0.018820
1 0.805203 0.495937 0.106473 0.013259
1 0.521174 0.507913 0.105868 0.019247
1 0.766788 0.619760 0.178463 0.020530
1 0.486691 0.623182 0.094979 0.020530
1 0.252874 0.629384 0.170599 0.026091
1 0.756503 0.739093 0.195402 0.022241
1 0.400181 0.733961 0.242589 0.023097
1 0.766183 0.840676 0.171204 0.014115
1 0.515729 0.845595 0.092559 0.020530
2 0.673019 0.140077 0.070780 0.271600
2 0.340290 0.146920 0.096189 0.153550
2 0.758621 0.256202 0.066546 0.147990
2 0.508469 0.257699 0.081670 0.163815
2 0.252874 0.256416 0.084090 0.152267
2 0.734120 0.384731 0.114338 0.180068
2 0.473079 0.384303 0.116757 0.143713
2 0.274652 0.369333 0.078040 0.092387
2 0.732910 0.482891 0.055656 0.178358
2 0.472777 0.487596 0.084694 0.144996
2 0.712039 0.601369 0.081065 0.204448
2 0.452511 0.602652 0.087114 0.116339
2 0.222626 0.606287 0.102238 0.164243
2 0.704477 0.718777 0.088929 0.212575
2 0.353902 0.715141 0.085904 0.237810
2 0.723230 0.826133 0.061101 0.182635
2 0.452208 0.828058 0.078645 0.156116
