0 0.750756 0.119547 0.227465 0.014970
0 0.532063 0.119333 0.147005 0.011976
0 0.342408 0.120830 0.169389 0.022669
0 0.755293 0.235458 0.214761 0.011548
0 0.549304 0.236955 0.133091 0.023952
0 0.338475 0.232678 0.225650 0.017964
0 0.673019 0.351796 0.376891 0.025235
0 0.357834 0.351369 0.189353 0.026091
0 0.658802 0.465783 0.401694 0.023097
0 0.306413 0.462147 0.240169 0.018392
0 0.739564 0.580624 0.236540 0.023524
0 0.451603 0.577417 0.275257 0.018820
0 0.189353 0.577417 0.185118 0.020530
0 0.728978 0.696322 0.254083 0.025663
0 0.456443 0.690761 0.226860 0.016253
0 0.233212 0.689478 0.156685 0.014542
0 0.768603 0.811591 0.172414 0.026091
0 0.493043 0.808597 0.315789 0.022669
0 0.202359 0.804534 0.201452 0.016253
1 0.781004 0.151839 0.165759 0.014542
1 0.566243 0.144996 0.077435 0.011121
1 0.368421 0.159752 0.116152 0.022669
1 0.812765 0.261548 0.099819 0.010693
1 0.563521 0.280154 0.103448 0.024808
1 0.388082 0.270317 0.125227 0.017964
1 0.739564 0.394996 0.242589 0.024380
1 0.394132 0.397562 0.115547 0.025235
1 0.740169 0.502566 0.237750 0.023097
1 0.371446 0.494226 0.110103 0.017536
1 0.785844 0.620402 0.142771 0.023524
1 0.473684 0.613131 0.229885 0.019247
1 0.227465 0.618691 0.107683 0.020958
1 0.767998 0.736955 0.174834 0.025663
1 0.517241 0.722198 0.105263 0.015825
1 0.259226 0.723268 0.103448 0.016253
1 0.804295 0.852438 0.099819 0.026518
1 0.564126 0.852438 0.173624 0.023097
1 0.260738 0.838537 0.083485 0.015825
2 0.750756 0.135586 0.066546 0.160821
2 0.532063 0.131950 0.052632 0.103935
2 0.342408 0.140291 0.087114 0.119760
2 0.755293 0.248289 0.052632 0.151839
2 0.549304 0.258768 0.095584 0.094098
2 0.338475 0.251497 0.078645 0.159538
2 0.673019 0.373182 0.096189 0.266467
2 0.357834 0.374251 0.101633 0.133875
2 0.658802 0.484175 0.084694 0.284003
2 0.306413 0.477973 0.070780 0.169803
2 0.739564 0.600513 0.089534 0.167237
2 0.451603 0.595381 0.077435 0.194611
2 0.189353 0.598161 0.087719 0.130881
2 0.728978 0.716638 0.093769 0.179641
2 0.456443 0.706373 0.067151 0.160393
2 0.233212 0.706801 0.069570 0.110778
2 0.768603 0.832121 0.094979 0.121899
2 0.493043 0.830624 0.094374 0.223268
2 0.202359 0.821429 0.070780 0.142429
