0 0.766183 0.118905 0.205082 0.016253
0 0.500605 0.123396 0.261948 0.025235
0 0.278584 0.122541 0.119177 0.023524
0 0.772232 0.233747 0.191773 0.017536
0 0.558984 0.239735 0.171809 0.029512
0 0.303690 0.233533 0.274652 0.011976
0 0.750454 0.352438 0.234120 0.025663
0 0.446461 0.351155 0.309740 0.023097
0 0.656685 0.467066 0.420448 0.026518
0 0.292498 0.468349 0.245009 0.028229
0 0.723533 0.577417 0.285541 0.011976
0 0.369631 0.577417 0.358137 0.011121
0 0.795826 0.692686 0.139746 0.018392
0 0.575015 0.695894 0.238959 0.025663
0 0.304900 0.692472 0.237145 0.018820
0 0.756503 0.809239 0.215971 0.023097
0 0.471869 0.807314 0.289171 0.019247
1 0.794011 0.153336 0.148215 0.015825
1 0.543557 0.165098 0.176044 0.024808
1 0.292498 0.166168 0.090139 0.023524
1 0.823049 0.265825 0.088929 0.017536
1 0.587719 0.289350 0.114338 0.028657
1 0.335148 0.263045 0.211736 0.018820
1 0.770417 0.399059 0.192982 0.025663
1 0.492136 0.388366 0.218391 0.023097
1 0.758923 0.510051 0.214761 0.026091
1 0.357229 0.518178 0.114338 0.027802
1 0.820629 0.608426 0.090139 0.014970
1 0.417120 0.606074 0.263158 0.014542
1 0.828191 0.726048 0.073805 0.018392
1 0.643981 0.739521 0.099819 0.025663
1 0.335148 0.731394 0.176649 0.018820
1 0.819117 0.849444 0.090744 0.022241
1 0.535088 0.844525 0.162734 0.019247
2 0.766183 0.136014 0.071385 0.144996
2 0.500605 0.144140 0.094374 0.185201
2 0.278584 0.144354 0.094979 0.084260
2 0.772232 0.249786 0.070175 0.135586
2 0.558984 0.264328 0.111313 0.121471
2 0.303690 0.250000 0.063521 0.194183
2 0.750454 0.375749 0.102238 0.165526
2 0.446461 0.369760 0.085299 0.218991
2 0.656685 0.488452 0.098004 0.297263
2 0.292498 0.493157 0.110103 0.173225
2 0.723533 0.593670 0.062916 0.201882
2 0.369631 0.592601 0.058681 0.253208
2 0.795826 0.709367 0.073200 0.098802
2 0.575015 0.717707 0.098004 0.168948
2 0.304900 0.711933 0.081670 0.167665
2 0.756503 0.829127 0.088929 0.152695
2 0.471869 0.825920 0.079855 0.204448
