0 0.724138 0.124251 0.269812 0.026946
0 0.424077 0.118905 0.266183 0.013687
0 0.722021 0.237382 0.274047 0.024808
0 0.362976 0.238666 0.379915 0.026518
0 0.727163 0.349444 0.262553 0.012831
0 0.436479 0.352438 0.254688 0.024808
0 0.749546 0.464500 0.216576 0.011976
0 0.549002 0.464500 0.120387 0.020530
0 0.347852 0.462575 0.217786 0.015825
0 0.652753 0.572926 0.410163 0.020958
0 0.338475 0.577844 0.154265 0.017109
0 0.714459 0.692258 0.285541 0.017536
0 0.427405 0.692044 0.224440 0.017109
0 0.747126 0.810950 0.218996 0.026518
0 0.454628 0.808383 0.301875 0.021386
1 0.764973 0.171300 0.188143 0.026091
1 0.465820 0.149914 0.182698 0.017536
1 0.805808 0.279085 0.106473 0.024380
1 0.440109 0.284217 0.224440 0.026946
1 0.784936 0.378101 0.147005 0.014542
1 0.478221 0.397134 0.171204 0.024380
1 0.807623 0.492943 0.100423 0.012404
1 0.572293 0.500214 0.073805 0.020958
1 0.411373 0.496578 0.090744 0.017964
1 0.746219 0.603935 0.222021 0.022241
1 0.363279 0.607571 0.104658 0.015825
1 0.763460 0.719204 0.187538 0.018392
1 0.456745 0.728186 0.165759 0.017536
1 0.799758 0.852010 0.113733 0.026518
1 0.478221 0.842601 0.254688 0.020530
2 0.724138 0.147562 0.104053 0.190761
2 0.424077 0.135372 0.065941 0.188195
2 0.722021 0.258127 0.093769 0.193755
2 0.362976 0.261548 0.102238 0.268606
2 0.727163 0.364200 0.059891 0.185629
2 0.436479 0.374679 0.098004 0.180068
2 0.749546 0.478828 0.057471 0.153122
2 0.549002 0.482464 0.079855 0.085115
2 0.347852 0.480111 0.071990 0.153978
2 0.652753 0.588751 0.074410 0.289991
2 0.338475 0.592387 0.065336 0.109068
2 0.714459 0.705945 0.063521 0.201882
2 0.427405 0.710222 0.075620 0.158683
2 0.747126 0.831480 0.095584 0.154833
2 0.454628 0.825278 0.078040 0.213430
