0 0.722021 0.121471 0.284936 0.023097
0 0.408046 0.121899 0.278887 0.023952
0 0.724743 0.232464 0.278282 0.014970
0 0.432849 0.233533 0.241379 0.017109
0 0.765275 0.348375 0.196007 0.018392
0 0.500907 0.352866 0.268603 0.027374
0 0.725953 0.466852 0.272232 0.026946
0 0.396552 0.468349 0.322444 0.029085
0 0.783727 0.583191 0.155475 0.028657
0 0.584997 0.573995 0.177858 0.017109
0 0.353297 0.576347 0.221416 0.015825
0 0.156382 0.579983 0.108288 0.023097
0 0.743497 0.696749 0.233515 0.029085
0 0.412886 0.691831 0.363581 0.019247
0 0.769510 0.808811 0.206897 0.024808
0 0.501512 0.803464 0.266183 0.014970
1 0.772232 0.161035 0.184513 0.023524
1 0.440109 0.162532 0.214761 0.023952
1 0.748034 0.267750 0.231700 0.015398
1 0.480339 0.270317 0.146400 0.018820
1 0.812462 0.386014 0.100423 0.017536
1 0.532365 0.401198 0.205687 0.027374
1 0.757713 0.513687 0.208711 0.026518
1 0.440714 0.515398 0.234120 0.028229
1 0.809740 0.630453 0.102238 0.028229
1 0.611010 0.607571 0.125832 0.013259
1 0.399577 0.610565 0.128857 0.020103
1 0.179371 0.616980 0.061101 0.022669
1 0.810647 0.742729 0.099214 0.027802
1 0.483364 0.727331 0.222626 0.020958
1 0.781307 0.852438 0.156685 0.023097
1 0.540835 0.835757 0.187538 0.015398
2 0.722021 0.141360 0.088929 0.201454
2 0.408046 0.142216 0.091349 0.197177
2 0.724743 0.250214 0.071385 0.196749
2 0.432849 0.252352 0.077435 0.170659
2 0.765275 0.366980 0.078645 0.138580
2 0.500907 0.377032 0.107078 0.189906
2 0.725953 0.490163 0.104053 0.192472
2 0.396552 0.491660 0.107078 0.227973
2 0.783727 0.606715 0.107078 0.109923
2 0.584997 0.589820 0.068966 0.125749
2 0.353297 0.594525 0.073805 0.156544
2 0.156382 0.598375 0.084694 0.076561
2 0.743497 0.719418 0.105263 0.165098
2 0.412886 0.710009 0.078645 0.257057
2 0.769510 0.830197 0.095584 0.146279
2 0.501512 0.819718 0.067151 0.188195
