0 0.675741 0.118905 0.373866 0.015398
0 0.335753 0.119547 0.243194 0.017536
0 0.726558 0.236099 0.271022 0.020530
0 0.427405 0.237169 0.264368 0.022669
0 0.704477 0.349658 0.313975 0.019247
0 0.391712 0.351583 0.247429 0.023952
0 0.784634 0.467066 0.151240 0.023097
0 0.522686 0.464500 0.308530 0.019675
0 0.236237 0.462789 0.201452 0.012831
0 0.779189 0.578700 0.160920 0.011976
0 0.549909 0.576775 0.233515 0.014970
0 0.295826 0.581694 0.210526 0.024808
0 0.739262 0.692472 0.238355 0.012831
0 0.419843 0.690761 0.336358 0.013687
0 0.749849 0.806031 0.215971 0.014115
0 0.537205 0.807742 0.145191 0.019247
1 0.761948 0.153122 0.201452 0.015398
1 0.366001 0.154619 0.182698 0.017536
1 0.778887 0.270530 0.166364 0.020103
1 0.470054 0.278229 0.179068 0.022669
1 0.754991 0.387083 0.211736 0.018820
1 0.422263 0.392857 0.186328 0.024380
1 0.820024 0.504277 0.080460 0.023097
1 0.566848 0.500428 0.220206 0.019675
1 0.299153 0.490376 0.074410 0.012404
1 0.805808 0.607357 0.106473 0.011121
1 0.591047 0.608212 0.150030 0.015398
1 0.335451 0.622113 0.130067 0.025235
1 0.786146 0.720060 0.144586 0.013259
1 0.498790 0.720060 0.178463 0.012404
1 0.769812 0.834902 0.176044 0.017109
1 0.562311 0.844953 0.094979 0.019247
2 0.675741 0.136014 0.070175 0.264328
2 0.335753 0.137083 0.074410 0.171942
2 0.726558 0.253208 0.077435 0.191617
2 0.427405 0.257699 0.090139 0.186912
2 0.704477 0.368263 0.079855 0.221985
2 0.391712 0.372327 0.092559 0.174936
2 0.784634 0.485672 0.085299 0.106929
2 0.522686 0.482464 0.078645 0.218135
2 0.236237 0.476476 0.056866 0.142429
2 0.779189 0.592814 0.056866 0.113772
2 0.549909 0.592601 0.065941 0.165098
2 0.295826 0.602010 0.092559 0.148845
2 0.739262 0.706373 0.057471 0.168520
2 0.419843 0.705090 0.059891 0.237810
2 0.749849 0.821215 0.062916 0.152695
2 0.537205 0.826347 0.079855 0.102652
