0 0.728373 0.125107 0.267393 0.013259
0 0.448578 0.124465 0.228070 0.011121
0 0.725045 0.243370 0.271627 0.025663
0 0.398064 0.239093 0.319419 0.017964
0 0.705082 0.356715 0.310345 0.023097
0 0.369631 0.353080 0.296431 0.016681
0 0.781912 0.467921 0.154265 0.016253
0 0.473684 0.472626 0.396854 0.027374
0 0.175136 0.471129 0.137326 0.024380
0 0.715971 0.582121 0.284936 0.016253
0 0.330309 0.582121 0.423472 0.012831
0 0.746219 0.696536 0.222021 0.016681
0 0.429522 0.699530 0.347247 0.023524
0 0.742892 0.811591 0.226255 0.020103
0 0.455838 0.812660 0.283727 0.022241
1 0.796128 0.151411 0.130672 0.012831
1 0.502117 0.154619 0.120992 0.013259
1 0.755898 0.283362 0.209921 0.025235
1 0.450393 0.272669 0.213551 0.017536
1 0.765578 0.397990 0.188143 0.022669
1 0.413188 0.391146 0.208106 0.016681
1 0.807925 0.502566 0.101028 0.016253
1 0.502117 0.520317 0.339988 0.026946
1 0.200544 0.510051 0.085299 0.024380
1 0.759528 0.617836 0.196612 0.015825
1 0.422565 0.611634 0.237750 0.011976
1 0.775560 0.731394 0.162129 0.016253
1 0.486086 0.742515 0.234120 0.023952
1 0.802783 0.846450 0.105263 0.019675
1 0.510587 0.850086 0.174229 0.021814
2 0.728373 0.138152 0.055656 0.189050
2 0.448578 0.140077 0.059891 0.161249
2 0.725045 0.263259 0.092559 0.192044
2 0.398064 0.255774 0.072595 0.225834
2 0.705082 0.377246 0.090744 0.219418
2 0.369631 0.372113 0.077435 0.209581
2 0.781912 0.485244 0.071990 0.109068
2 0.473684 0.496364 0.105868 0.280582
2 0.175136 0.490590 0.089534 0.097092
2 0.715971 0.599872 0.073200 0.201454
2 0.330309 0.596664 0.059286 0.299401
2 0.746219 0.713858 0.072595 0.156972
2 0.429522 0.721129 0.094374 0.245509
2 0.742892 0.828914 0.077435 0.159966
2 0.455838 0.831266 0.084090 0.200599
