0 0.714459 0.126390 0.303690 0.028657
0 0.326074 0.124251 0.410163 0.029512
0 0.800968 0.241446 0.128252 0.027802
0 0.644888 0.237596 0.120992 0.022669
0 0.501512 0.234816 0.101633 0.017964
0 0.326074 0.234816 0.185118 0.020530
0 0.733515 0.352438 0.259528 0.023097
0 0.439806 0.355860 0.264973 0.032506
0 0.695705 0.466424 0.331518 0.022669
0 0.659105 0.580624 0.401089 0.022669
0 0.272535 0.579983 0.309135 0.023952
0 0.728070 0.697177 0.259528 0.026518
0 0.450393 0.690975 0.231700 0.013259
0 0.718693 0.807528 0.274652 0.020530
0 0.353600 0.804534 0.391410 0.013687
1 0.786751 0.169376 0.157895 0.027374
1 0.397762 0.168306 0.265578 0.028657
1 0.824259 0.286142 0.079250 0.028229
1 0.667574 0.281651 0.074410 0.023524
1 0.514217 0.268392 0.075015 0.018392
1 0.364489 0.272455 0.107078 0.019675
1 0.807925 0.389008 0.109498 0.021814
1 0.493648 0.403336 0.156080 0.032506
1 0.781912 0.503849 0.157895 0.022241
1 0.717483 0.620616 0.283122 0.022241
1 0.314882 0.620402 0.223230 0.023524
1 0.793708 0.741232 0.127042 0.026518
1 0.480944 0.720701 0.170599 0.013687
1 0.759831 0.841531 0.191168 0.020103
1 0.447066 0.838109 0.203267 0.014115
2 0.714459 0.147562 0.100423 0.214713
2 0.326074 0.146065 0.103448 0.289991
2 0.800968 0.263901 0.102843 0.090676
2 0.644888 0.259837 0.094979 0.085543
2 0.501512 0.251711 0.073200 0.071856
2 0.326074 0.253422 0.081670 0.130881
2 0.733515 0.370402 0.083485 0.183490
2 0.439806 0.379598 0.113128 0.187340
2 0.695705 0.485030 0.084694 0.234388
2 0.659105 0.600513 0.088324 0.283576
2 0.272535 0.600086 0.090744 0.218563
2 0.728070 0.719204 0.099819 0.183490
2 0.450393 0.705945 0.061101 0.163815
2 0.718693 0.824423 0.076830 0.194183
2 0.353600 0.821429 0.067151 0.276732
