0 0.703569 0.124893 0.315789 0.023952
0 0.369026 0.127459 0.290381 0.028229
0 0.767393 0.237169 0.188143 0.018392
0 0.555959 0.237596 0.171809 0.019247
0 0.681186 0.351369 0.360557 0.011548
0 0.314277 0.355860 0.309135 0.025663
0 0.719601 0.467280 0.282517 0.021814
0 0.453721 0.470060 0.185118 0.026518
0 0.256806 0.465141 0.144586 0.014970
0 0.735330 0.579769 0.251059 0.013259
0 0.524803 0.582763 0.105868 0.022669
0 0.381125 0.579555 0.117362 0.013687
0 0.714459 0.696749 0.291591 0.021386
0 0.458258 0.694825 0.155475 0.016681
0 0.257411 0.696108 0.182093 0.010693
0 0.727768 0.809453 0.264973 0.018392
0 0.395947 0.809025 0.334543 0.016681
1 0.756503 0.163815 0.209921 0.023097
1 0.421960 0.168734 0.184513 0.027802
1 0.823049 0.271386 0.076830 0.018392
1 0.598004 0.270317 0.087719 0.018820
1 0.727465 0.382164 0.266788 0.011548
1 0.377495 0.398417 0.182698 0.025235
1 0.769510 0.509196 0.182698 0.024380
1 0.499093 0.516039 0.094374 0.026091
1 0.290986 0.495081 0.076225 0.015825
1 0.775257 0.613345 0.171204 0.012831
1 0.538113 0.618905 0.079250 0.021386
1 0.395947 0.613772 0.087719 0.013687
1 0.756806 0.733105 0.206897 0.021386
1 0.494555 0.730967 0.082880 0.016253
1 0.293103 0.726262 0.110708 0.010265
1 0.779492 0.843028 0.161525 0.017964
1 0.471264 0.843028 0.183908 0.016253
2 0.703569 0.144140 0.088324 0.223268
2 0.369026 0.147990 0.098004 0.205304
2 0.767393 0.254277 0.074410 0.133020
2 0.555959 0.253849 0.073200 0.121471
2 0.681186 0.366766 0.059891 0.254919
2 0.314277 0.377032 0.096189 0.218563
2 0.719601 0.488879 0.091954 0.199743
2 0.453721 0.492943 0.102238 0.130881
2 0.256806 0.480325 0.064126 0.102224
2 0.735330 0.596450 0.065941 0.177502
2 0.524803 0.600513 0.082275 0.074850
2 0.381125 0.596664 0.067756 0.082977
2 0.714459 0.714927 0.081670 0.206159
2 0.458258 0.712789 0.074410 0.109923
2 0.257411 0.711078 0.057471 0.128743
2 0.727768 0.826133 0.073200 0.187340
2 0.395947 0.825920 0.071385 0.236527
