0 0.641863 0.121685 0.439201 0.020103
0 0.255596 0.119333 0.270417 0.017109
0 0.737750 0.236099 0.245009 0.019675
0 0.506655 0.234388 0.153055 0.011121
0 0.339383 0.235458 0.118572 0.020103
0 0.782214 0.349658 0.153660 0.012404
0 0.499395 0.348375 0.345433 0.013259
0 0.225348 0.353080 0.139746 0.026091
0 0.762250 0.465783 0.192377 0.021386
0 0.584997 0.463644 0.098004 0.017109
0 0.383243 0.465355 0.241379 0.021386
0 0.742287 0.584260 0.229885 0.029085
0 0.424380 0.584260 0.341803 0.029940
0 0.776165 0.693328 0.159710 0.011976
0 0.567756 0.699102 0.194192 0.031223
0 0.618270 0.806245 0.473079 0.013687
1 0.713249 0.158041 0.295221 0.020103
1 0.337871 0.154619 0.104658 0.016681
1 0.758318 0.271814 0.202662 0.020103
1 0.522989 0.264970 0.120387 0.011548
1 0.361766 0.269033 0.072595 0.019675
1 0.823351 0.382806 0.071385 0.011976
1 0.556261 0.383234 0.231700 0.013687
1 0.251361 0.398204 0.086509 0.025663
1 0.801875 0.502139 0.111918 0.020530
1 0.597701 0.498075 0.072595 0.017536
1 0.447671 0.504919 0.112523 0.020103
1 0.792801 0.633234 0.127647 0.028657
1 0.521779 0.631523 0.147005 0.029512
1 0.803388 0.720060 0.105263 0.011548
1 0.619177 0.745509 0.090139 0.030796
1 0.688445 0.835115 0.332728 0.014970
2 0.641863 0.139863 0.079855 0.310522
2 0.255596 0.136869 0.073805 0.191189
2 0.737750 0.254063 0.078645 0.173225
2 0.506655 0.249786 0.059286 0.108212
2 0.339383 0.252139 0.075620 0.083832
2 0.782214 0.366125 0.064126 0.108640
2 0.499395 0.365911 0.068361 0.244226
2 0.225348 0.375535 0.100423 0.098802
2 0.762250 0.483747 0.081065 0.136014
2 0.584997 0.480967 0.073200 0.069290
2 0.383243 0.484816 0.085299 0.170659
2 0.742287 0.608640 0.110103 0.162532
2 0.424380 0.607784 0.108893 0.241660
2 0.776165 0.706587 0.054446 0.112917
2 0.567756 0.722198 0.109498 0.137297
2 0.618270 0.821001 0.061101 0.334474
