0 0.752571 0.130026 0.215366 0.014542
0 0.480339 0.134731 0.266183 0.027374
0 0.225348 0.128743 0.180883 0.017109
0 0.756503 0.245509 0.205082 0.017964
0 0.495765 0.248503 0.252269 0.025663
0 0.713249 0.362703 0.287961 0.023952
0 0.438294 0.357571 0.197822 0.013687
0 0.210526 0.356715 0.193587 0.014542
0 0.737750 0.479042 0.235330 0.027374
0 0.516031 0.476689 0.145191 0.023524
0 0.285541 0.472198 0.252874 0.016253
0 0.763158 0.590034 0.182093 0.020103
0 0.555354 0.593028 0.169389 0.026946
0 0.670901 0.706587 0.362976 0.024808
0 0.328494 0.708512 0.257713 0.030368
0 0.767090 0.822498 0.166969 0.026518
0 0.477919 0.815441 0.348457 0.014970
0 0.189655 0.821001 0.163944 0.026946
1 0.819722 0.165098 0.079855 0.013687
1 0.529038 0.177716 0.167574 0.026946
1 0.260133 0.165954 0.110103 0.016253
1 0.816092 0.283790 0.084694 0.016681
1 0.551119 0.292985 0.141561 0.025663
1 0.790079 0.402481 0.133091 0.023097
1 0.465517 0.390505 0.143376 0.013687
1 0.262553 0.389435 0.088324 0.014115
1 0.767090 0.525877 0.175439 0.026946
1 0.542650 0.514970 0.090744 0.023952
1 0.347852 0.502139 0.128252 0.016253
1 0.810647 0.630240 0.085904 0.019247
1 0.583182 0.640505 0.112523 0.026946
1 0.751664 0.746364 0.200242 0.024808
1 0.381125 0.757271 0.151240 0.031223
1 0.811555 0.868050 0.078040 0.026091
1 0.514217 0.847519 0.275862 0.014970
1 0.227465 0.865483 0.088324 0.026091
2 0.752571 0.147348 0.069570 0.152267
2 0.480339 0.156116 0.099214 0.188195
2 0.225348 0.147134 0.076225 0.127887
2 0.756503 0.264328 0.078645 0.144996
2 0.495765 0.270744 0.099214 0.178358
2 0.713249 0.382378 0.089534 0.203593
2 0.438294 0.374038 0.065941 0.139863
2 0.210526 0.372968 0.066546 0.136869
2 0.737750 0.502352 0.104658 0.166382
2 0.516031 0.495937 0.087719 0.102652
2 0.285541 0.487169 0.065336 0.178785
2 0.763158 0.609923 0.084694 0.128743
2 0.555354 0.616766 0.105263 0.119760
2 0.670901 0.726476 0.091349 0.256630
2 0.328494 0.733105 0.112523 0.182207
2 0.767090 0.845167 0.101633 0.118050
2 0.477919 0.831480 0.066546 0.246364
2 0.189655 0.843028 0.100423 0.115911
