0 0.698427 0.118263 0.327284 0.014115
0 0.405626 0.120616 0.195402 0.019675
0 0.743799 0.233747 0.235330 0.011548
0 0.502117 0.236527 0.183908 0.023097
0 0.294918 0.237169 0.166364 0.023524
0 0.705384 0.353293 0.312160 0.028229
0 0.421658 0.352652 0.191168 0.026091
0 0.720508 0.463003 0.280702 0.011548
0 0.439504 0.461933 0.217181 0.013687
0 0.746219 0.577630 0.228070 0.010693
0 0.515426 0.581480 0.170599 0.026091
0 0.676346 0.693969 0.366606 0.021814
0 0.376286 0.692472 0.169389 0.010265
0 0.680883 0.811805 0.357532 0.028229
0 0.392619 0.805175 0.154870 0.014115
0 0.208106 0.812660 0.151240 0.028229
1 0.754386 0.153336 0.215366 0.014115
1 0.457350 0.161249 0.091954 0.018820
1 0.790684 0.266039 0.141561 0.011121
1 0.528433 0.278443 0.131276 0.023097
1 0.330006 0.281223 0.096189 0.022669
1 0.772232 0.397990 0.177253 0.027802
1 0.464912 0.394996 0.104658 0.026091
1 0.810950 0.489735 0.099819 0.011121
1 0.478826 0.494867 0.138536 0.014542
1 0.817302 0.609068 0.085904 0.010265
1 0.560799 0.628101 0.079855 0.026091
1 0.713854 0.735244 0.291591 0.022241
1 0.411978 0.719418 0.098004 0.009410
1 0.750151 0.860351 0.217786 0.028657
1 0.425590 0.837254 0.087719 0.014115
1 0.242892 0.861848 0.080460 0.028229
2 0.698427 0.135800 0.069570 0.231394
2 0.405626 0.140719 0.084694 0.138152
2 0.743799 0.249786 0.061706 0.166382
2 0.502117 0.257485 0.091954 0.130026
2 0.294918 0.258982 0.094979 0.117622
2 0.705384 0.375535 0.102843 0.220701
2 0.421658 0.373824 0.096794 0.135158
2 0.720508 0.476262 0.053842 0.198460
2 0.439504 0.478614 0.066546 0.153550
2 0.746219 0.593242 0.059286 0.161249
2 0.515426 0.604790 0.102843 0.120616
2 0.676346 0.714713 0.089534 0.259196
2 0.376286 0.705731 0.052027 0.119760
2 0.680883 0.836185 0.108893 0.252780
2 0.392619 0.821215 0.065336 0.109495
2 0.208106 0.837254 0.109498 0.106929
